image: map.pgm
resolution: 0.050000
origin: [-8.093656, -14.063255, 0.000000]
negate: 0
occupied_thresh: 0.65
free_thresh: 0.196

